2

0
$铣刀
4

0
#平底刀
1
@平底刀
0 0 0 0 0.000000 0 0.000000 0 0 0 0.000100 0.261799 6579300
10.000000 5.000000 0.000000
0.000000 0.000000 0.000000
0.000000 0.000000 0.000000
0.000000 0.000000 0.000000
0.000000 0.000000 0.000000
0.000000 0.000000 0.000000
0.000000 0.000000 0.000000
0.000000 0.000000 0.000000
0.000000 0.000000 0.000000
0.000000 0.000000 0.000000


1
#球头刀
1
@球头刀
0 0 1 0 0.000000 0 0.000000 0 0 0 0.000100 0.261799 6579300
10.000000 5.000000 0.000000
0.000000 0.000000 0.000000
0.000000 0.000000 0.000000
0.000000 0.000000 0.000000
0.000000 0.000000 0.000000
0.000000 0.000000 0.000000
0.000000 0.000000 0.000000
0.000000 0.000000 0.000000
0.000000 0.000000 0.000000
0.000000 0.000000 0.000000


2
#环形刀
1
@环形刀
0 0 2 0 0.000000 0 0.000000 0 0 0 0.000100 0.261799 6579300
15.000000 10.000000 0.000000
50.000000 5.000000 0.000000
0.000000 5.000000 0.000000
0.000000 0.000000 0.000000
0.000000 0.000000 0.000000
0.000000 0.000000 0.000000
0.000000 0.000000 0.000000
0.000000 0.000000 0.000000
0.000000 0.000000 0.000000
0.000000 0.000000 0.000000


3
#
0


1
$钻头
0


